	Value	Asf_L	Asf_H	Apd_L	Apd_H	EoMToOdrB_L	EoMToOdrB_H	EoMToOdrM_L	EoMToOdrM_H	EoMToOdrV_L	EoMToOdrV_H	Owm_L	Owm_H	Prdt_L	Prdt_H	Prit_L	Prit_H	PrwN_L	PrwN_H	POw_L	POw_H	Poces_L	Poces_H	RdHwROom_L	RdHwROom_H	RdROnH_L	RdROnH_H	SoRstMpR_L	SoRstMpR_H	SoRstprp_L	SoRstprp_H	SoRstRpp_L	SoRstRpp_H	TtrRss_L	TtrRss_H	TadB_L	TadB_H	TadM_L	TadM_H	TadV_L	TadV_H	TsfBH_L	TsfBH_H	TsfBRO_L	TsfBRO_H	TsfMHr_L	TsfMHr_H	TsfMROr_L	TsfMROr_H	TsrHrtROnH_L	TsrHrtROnH_H	Tsfi_L	Tsfi_H
ADF effect strength initiating heroin with Rx OUD	1e-06	1e-06	1e-06	1e-06	1e-06	1e-06	1e-06	1e-06	1e-06	1e-06	1e-06	1e-06	1e-06	1e-06	1e-06	1e-06	1e-06	1e-06	1.00601e-06	1e-06	1e-06	1e-06	1e-06	1e-06	1e-06	1.06691e-06	1e-06	1e-06	1e-06	1e-06	1e-06	1e-06	1e-06	1e-06	1e-06	1e-06	1e-06	1e-06	1e-06	1.03178e-06	1e-06	1.02828e-06	1e-06	1e-06	1.01582e-06	1e-06	1e-06	1e-06	1e-06	1e-06	1e-06	1.05215e-06	1e-06
Base survival probability H OD relative to Rx	0.980271	0.977897	0.976846	0.978777	0.977145	0.978955	0.977695	0.977806	0.977723	0.978018	0.977802	0.977494	0.977195	0.977547	0.978144	0.977686	0.978336	0.979407	0.977283	0.978748	0.97825	0.979038	0.976951	0.97808	0.976184	0.977473	0.977664	0.977802	0.978836	0.978132	0.977665	0.977692	0.977249	0.977509	0.977393	0.977922	0.977575	0.979267	0.977288	0.977808	0.978341	0.97802	0.977374	0.977559	0.978189	0.977312	0.977532	0.977597	0.97753	0.977259	0.977975	0.977707	0.977462
Base survival probability Rx OD	0.972921	0.973006	0.972954	0.972187	0.973593	0.97303	0.972843	0.972945	0.972914	0.972869	0.972931	0.972823	0.97291	0.972857	0.972968	0.972764	0.972853	0.972564	0.972966	0.974141	0.971399	0.97419	0.971543	0.972933	0.973007	0.973231	0.972883	0.972844	0.972879	0.972867	0.972949	0.972922	0.972737	0.972892	0.973052	0.972861	0.973163	0.971613	0.972946	0.973019	0.972784	0.97282	0.973039	0.972974	0.972872	0.973053	0.97292	0.972902	0.972865	0.973016	0.972767	0.972906	0.972952
Developing HUD rate no Rx OUD	0.190155	0.193889	0.192664	0.193077	0.192769	0.21832	0.193107	0.196175	0.19301	0.192756	0.194654	0.199743	0.199868	0.196396	0.193881	0.21112	0.191756	0.193118	0.195417	0.199716	0.190313	0.195816	0.194238	0.193772	0.190922	0.203098	0.192525	0.19419	0.18839	0.195302	0.197385	0.195621	0.209973	0.194623	0.191523	0.192557	0.193768	0.190206	0.21007	0.200108	0.195015	0.204978	0.194946	0.19203	0.203571	0.196113	0.207517	0.192164	0.192961	0.192688	0.193995	0.206119	0.187986
Developing HUD rate with Rx OUD	0.72308	0.724246	0.727907	0.724497	0.727796	0.721556	0.723057	0.723694	0.725279	0.725601	0.727751	0.733513	0.71733	0.724075	0.729566	0.726215	0.724636	0.727326	0.727437	0.727073	0.725938	0.729927	0.726184	0.728811	0.736341	0.728652	0.720079	0.70935	0.744353	0.692993	0.764793	0.78281	0.673345	0.731963	0.722255	0.719373	0.727934	0.732429	0.720045	0.732098	0.72702	0.722387	0.723383	0.726712	0.731389	0.725371	0.721363	0.725472	0.728602	0.725829	0.724618	0.719296	0.73224
Developing Rx OUD rate	0.0327186	0.0327966	0.0324841	0.032878	0.0325372	0.0325742	0.0327261	0.0328208	0.0326414	0.032618	0.0325156	0.0327852	0.0320742	0.03255	0.0325658	0.0336833	0.0327691	0.0327771	0.0328713	0.0331536	0.0324087	0.0326389	0.0327822	0.0324646	0.0310906	0.0333483	0.0323912	0.0326967	0.032472	0.0325138	0.0329876	0.0331076	0.0331432	0.0324609	0.0324308	0.0325274	0.0328597	0.0325332	0.0329202	0.0320825	0.032805	0.0328199	0.0328285	0.0326238	0.0320822	0.0328754	0.0331688	0.0326941	0.0325694	0.0326339	0.0323838	0.0314422	0.0340343
Fentanyl effect on base survival max relative to H	0.639048	0.618134	0.608362	0.619339	0.616534	0.621337	0.619087	0.615932	0.616073	0.618616	0.616251	0.611732	0.610106	0.613343	0.619076	0.603597	0.621478	0.628001	0.6095	0.640247	0.597543	0.633295	0.601495	0.619967	0.604825	0.614628	0.615063	0.614841	0.627236	0.616725	0.613681	0.615507	0.605494	0.612837	0.614309	0.625456	0.619692	0.620362	0.60743	0.614253	0.620606	0.618347	0.612593	0.614208	0.61904	0.610981	0.610768	0.615123	0.613085	0.614854	0.616525	0.611324	0.615134
Fentanyl effect on OD rate H max	2.0	2.0	2.0	2.0	2.0	2.0	2.0	2.0	2.0	2.0	2.0	2.0	2.0	2.0	2.0	2.0	2.0	2.0	2.0	2.0	2.0	2.0	2.0	2.0	2.0	2.0	2.0	2.0	2.0	2.0	2.0	2.0	2.0	2.0	2.0	2.0	2.0	2.0	2.0	2.0	2.0	2.0	2.0	2.0	2.0	2.0	2.0	2.0	2.0	2.0	2.0	2.0	2.0
Fraction Nx kits to H users	0.940624	0.943033	0.94405	0.942384	0.943162	0.941676	0.942676	0.943285	0.943115	0.942767	0.943041	0.943406	0.944386	0.943184	0.942438	0.943274	0.942267	0.94139	0.943512	0.943222	0.940831	0.942438	0.943064	0.94257	0.944503	0.943386	0.942869	0.943034	0.941357	0.942401	0.94299	0.943031	0.943641	0.94338	0.94336	0.942205	0.94387	0.93997	0.944122	0.942708	0.942526	0.941677	0.943734	0.943726	0.942012	0.94331	0.943454	0.943729	0.943257	0.94343	0.942736	0.943865	0.943011
Heroin availability strength developing HUD	1e-06	1e-06	1e-06	1e-06	1e-06	1e-06	1e-06	1e-06	1e-06	1e-06	1e-06	1e-06	1.10476e-06	1e-06	1e-06	1e-06	1e-06	1e-06	1e-06	1e-06	1e-06	1e-06	1e-06	1e-06	1e-06	1e-06	1e-06	1e-06	1e-06	1e-06	1e-06	1e-06	1e-06	1e-06	1e-06	1e-06	1e-06	1e-06	1e-06	1.00131e-06	1e-06	1e-06	1e-06	1e-06	1.00837e-06	1e-06	1e-06	1e-06	1e-06	1e-06	1e-06	1e-06	1e-06
Heroin availability strength initiating NDHU no Rx	1e-06	1e-06	1e-06	1e-06	1e-06	1e-06	1e-06	1e-06	1e-06	1e-06	1e-06	1e-06	1e-06	1e-06	1e-06	1e-06	1e-06	1e-06	1e-06	1e-06	1e-06	1e-06	1e-06	1e-06	1e-06	1e-06	1e-06	1e-06	1e-06	1e-06	1e-06	1e-06	1e-06	1e-06	1e-06	1e-06	1e-06	1e-06	1e-06	1e-06	1e-06	1e-06	1e-06	1e-06	1e-06	1e-06	1.13675e-06	1e-06	1e-06	1e-06	1e-06	1e-06	1e-06
Heroin availability strength net quit NDHU	1.68757	1.71005	1.70775	1.71182	1.71725	1.85138	1.71339	1.72241	1.70595	1.70582	1.71915	1.74805	1.76749	1.73384	1.72097	1.82293	1.69802	1.69675	1.71563	1.75066	1.68108	1.72939	1.71623	1.70735	1.75097	1.79104	1.71306	1.69453	1.68932	1.70482	1.75293	1.74797	1.80662	1.71382	1.68917	1.72709	1.72885	1.69551	1.80241	1.80149	1.7264	1.78422	1.72531	1.69743	1.76922	1.71827	1.7688	1.68691	1.71187	1.70892	1.71556	1.83788	1.64667
Initial stock correction[RXM]	1.2	1.2	1.2	1.2	1.2	1.2	1.2	1.2	1.2	1.2	1.2	1.2	1.2	1.2	1.2	1.2	1.2	1.2	1.2	1.2	1.2	1.2	1.2	1.2	1.2	1.2	1.2	1.2	1.2	1.2	1.2	1.2	1.2	1.2	1.2	1.2	1.2	1.2	1.2	1.2	1.2	1.2	1.2	1.2	1.2	1.2	1.2	1.2	1.2	1.2	1.2	1.2	1.2
Initial stock correction[NDH]	1.2	1.2	1.2	1.2	1.2	1.2	1.2	1.2	1.2	1.2	1.2	1.2	1.2	1.2	1.2	1.2	1.2	1.2	1.2	1.2	1.2	1.2	1.2	1.2	1.2	1.2	1.2	1.2	1.2	1.2	1.2	1.2	1.2	1.2	1.2	1.2	1.2	1.2	1.2	1.2	1.2	1.2	1.2	1.2	1.2	1.2	1.2	1.2	1.2	1.2	1.2	1.2	1.2
Initial stock correction[OUB]	1.03345	1.03346	1.03345	1.03345	1.03345	0.988898	1.03347	1.03345	1.03347	1.03349	1.03346	1.03345	1.05158	1.03345	1.03346	1.15617	1.03345	1.03346	1.03346	1.03347	1.03346	1.03345	1.03345	1.03345	1.02638	0.894446	1.03348	1.03347	1.03345	1.03345	1.03345	1.03347	0.922169	1.03345	1.03346	1.03346	1.13977	1.03345	0.988908	0.985198	1.03347	0.824897	1.03347	1.03347	0.957476	1.03346	1.07092	1.03345	1.03345	1.03346	1.03345	1.0335	1.03346
Initial stock correction[OUM]	0.8	0.8	0.8	0.8	0.8	0.8	0.8	0.8	0.8	0.8	0.8	0.8	0.8	0.8	0.8	0.8	0.8	0.8	0.8	0.8	0.8	0.8	0.8	0.8	0.8	0.8	0.8	0.8	0.8	0.8	0.8	0.8	0.8	0.8	0.8	0.8	0.8	0.8	0.8	0.8	0.8	0.8	0.8	0.8	0.8	0.8	0.8	0.8	0.8	0.8	0.8	0.8	0.8
Initial stock correction[OUV]	1.09147	1.09153	1.09147	1.09147	1.0915	0.95211	1.09149	1.09147	1.09154	1.09147	1.09149	1.0915	0.808342	1.09147	1.09147	0.953738	1.09147	1.09147	1.09148	1.09147	1.09147	1.09147	1.09148	1.09147	0.833892	1.16012	1.09147	1.09147	1.09148	1.0915	1.09149	1.09147	0.915984	1.0915	1.0915	1.09147	0.970968	1.09147	0.952117	1.14101	1.09147	0.858932	1.09147	1.09147	1.12868	1.09154	0.808315	1.09151	1.09147	1.09147	1.0915	1.09147	1.09147
Initial stock correction[OUT]	1.15757	1.17665	1.18085	1.17403	1.17971	1.2	1.17207	1.1756	1.17832	1.17789	1.18615	1.1923	1.19345	1.1842	1.18161	1.2	1.17355	1.18017	1.18073	1.18991	1.17028	1.18898	1.17906	1.18373	1.19283	1.18984	1.18213	1.17482	1.17421	1.18068	1.19077	1.18104	1.2	1.18451	1.17701	1.16582	1.18346	1.17821	1.2	1.2	1.18139	1.19673	1.18004	1.17488	1.19993	1.18133	1.19066	1.17412	1.18162	1.17763	1.17849	1.17033	1.1912
Initial stock correction[OUR]	1.2	1.2	1.2	1.2	1.2	1.2	1.2	1.2	1.2	1.2	1.2	1.2	1.2	1.2	1.2	1.2	1.2	1.2	1.2	1.2	1.2	1.2	1.2	1.2	1.2	1.2	1.2	1.2	1.2	1.2	1.2	1.2	1.2	1.2	1.2	1.2	1.2	1.2	1.2	1.2	1.2	1.2	1.2	1.2	1.2	1.2	1.2	1.2	1.2	1.2	1.2	1.2	1.2
Initial stock correction[OUS]	0.853601	0.853622	0.853615	0.853647	0.853601	0.922955	0.853611	0.853616	0.853603	0.853616	0.853604	0.853608	1.16605	0.853606	0.853602	0.877616	0.853602	0.853601	0.853604	0.853601	0.853608	0.853602	0.853602	0.853606	0.908569	1.02197	0.853653	0.85361	0.853601	0.853601	0.85361	0.85362	1.0172	0.853601	0.853616	0.853601	0.958986	0.853601	0.922954	0.861011	0.853603	1.17449	0.853601	0.853604	0.992117	0.853601	1.09871	0.853604	0.853688	0.853625	0.853601	0.853608	0.853603
Initial stock correction[OHB]	1.07315	1.07315	1.07315	1.07315	1.07317	0.93277	1.07316	1.07316	1.07318	1.07316	1.07317	1.07316	0.830403	1.07316	1.07315	1.04481	1.07315	1.07315	1.07316	1.07316	1.07316	1.07315	1.07315	1.07315	1.08284	1.10262	1.07316	1.07314	1.07317	1.07315	1.07319	1.07315	1.06679	1.07315	1.07318	1.07316	0.925755	1.07316	0.932763	0.823914	1.07315	0.982466	1.07315	1.07321	1.06288	1.07317	0.854805	1.07316	1.07316	1.0732	1.07315	1.07316	1.07317
Initial stock correction[OHM]	0.8	0.8	0.8	0.8	0.8	0.8	0.8	0.8	0.8	0.8	0.8	0.8	0.8	0.8	0.8	0.8	0.8	0.8	0.8	0.8	0.8	0.8	0.8	0.8	0.8	0.8	0.8	0.8	0.8	0.8	0.8	0.8	0.8	0.8	0.8	0.8	0.8	0.800028	0.8	0.8	0.8	0.8	0.8	0.8	0.8	0.8	0.8	0.8	0.8	0.8	0.8	0.8	0.8
Initial stock correction[OHV]	1.05671	1.05674	1.05671	1.05672	1.05673	0.837528	1.05672	1.05672	1.05671	1.05671	1.05673	1.05672	0.91842	1.05671	1.05672	0.873537	1.05674	1.05672	1.05672	1.05673	1.05671	1.05671	1.05671	1.05673	0.852189	0.922741	1.05676	1.05671	1.05672	1.05675	1.0567	1.05673	1.12099	1.05671	1.05671	1.05671	0.841458	1.05671	0.837534	0.826886	1.05673	1.15752	1.05671	1.05671	0.869758	1.05671	1.18411	1.05671	1.05671	1.05673	1.05673	1.05671	1.05674
Initial stock correction[OHT]	1.2	1.2	1.2	1.2	1.2	1.2	1.2	1.2	1.2	1.2	1.2	1.2	1.2	1.2	1.2	1.2	1.2	1.2	1.2	1.2	1.2	1.2	1.2	1.2	1.2	1.2	1.2	1.2	1.2	1.2	1.2	1.2	1.2	1.2	1.2	1.2	1.2	1.2	1.2	1.2	1.2	1.2	1.2	1.2	1.2	1.2	1.2	1.2	1.2	1.2	1.2	1.2	1.2
Initial stock correction[OHR]	0.8	0.8	0.8	0.8	0.8	0.8	0.8	0.8	0.8	0.8	0.8	0.8	0.8	0.8	0.8	0.8	0.8	0.8	0.8	0.8	0.8	0.8	0.8	0.8	0.8	0.8	0.8	0.8	0.8	0.8	0.8	0.8	0.8	0.8	0.8	0.8	0.8	0.8	0.8	0.8	0.8	0.8	0.8	0.8	0.8	0.8	0.8	0.8	0.8	0.8	0.8	0.8	0.8
Initial stock correction[OHS]	0.941273	0.941278	0.941276	0.941273	0.941273	1.01993	0.941283	0.941276	0.941273	0.941273	0.941273	0.941274	1.10301	0.941273	0.941273	1.13884	0.941276	0.941275	0.941273	0.941279	0.941273	0.941276	0.941274	0.941275	0.856011	1.13187	0.941283	0.94128	0.941276	0.941273	0.941289	0.941273	1.1732	0.941276	0.941319	0.941284	1.07251	0.941273	1.01994	0.92624	0.941274	1.15762	0.941298	0.941284	1.1166	0.941296	1.15094	0.941279	0.941274	0.941277	0.941277	0.941273	0.941308
Initial stock correction[HUB]	1.19632	1.19632	1.19636	1.19633	1.19639	1.05732	1.19632	1.19633	1.19635	1.19632	1.19632	1.19632	0.89798	1.19632	1.19638	1.18758	1.19633	1.19632	1.19633	1.19632	1.19632	1.19633	1.19632	1.19632	0.844706	0.837836	1.19632	1.19632	1.19633	1.19634	1.19632	1.19633	0.90634	1.19632	1.19632	1.19633	0.998566	1.19632	1.05733	0.938139	1.19632	1.13613	1.19632	1.19632	0.97065	1.19633	1.08544	1.19632	1.19632	1.19644	1.19632	1.19633	1.19633
Initial stock correction[HUM]	1.2	1.2	1.2	1.2	1.2	1.2	1.2	1.2	1.2	1.2	1.2	1.2	1.2	1.2	1.2	1.2	1.2	1.2	1.2	1.2	1.2	1.2	1.2	1.2	1.2	1.2	1.2	1.2	1.2	1.2	1.2	1.2	1.2	1.2	1.2	1.2	1.2	1.2	1.2	1.2	1.2	1.2	1.2	1.2	1.2	1.2	1.2	1.2	1.2	1.2	1.2	1.2	1.2
Initial stock correction[HUV]	0.882808	0.88281	0.882814	0.882832	0.882808	1.02797	0.882809	0.882815	0.882832	0.882811	0.882813	0.883088	1.11361	0.882811	0.882816	0.845975	0.882809	0.882808	0.882826	0.882809	0.882808	0.882808	0.882808	0.882813	0.911036	1.16355	0.882858	0.88282	0.882808	0.882808	0.882808	0.882825	0.887471	0.882813	0.88284	0.882821	0.903378	0.882808	1.02798	1.10248	0.882826	1.19332	0.882831	0.882839	0.889486	0.882816	1.03919	0.882835	0.882811	0.882817	0.882958	0.882826	0.88281
Initial stock correction[HUT]	0.8	0.8	0.8	0.8	0.8	0.8	0.8	0.8	0.8	0.8	0.8	0.8	0.8	0.8	0.8	0.8	0.8	0.8	0.8	0.8	0.8	0.8	0.8	0.8	0.8	0.8	0.8	0.8	0.8	0.8	0.8	0.8	0.8	0.8	0.8	0.8	0.8	0.8	0.8	0.8	0.8	0.8	0.8	0.8	0.8	0.8	0.8	0.8	0.8	0.8	0.8	0.8	0.8
Initial stock correction[HUR]	0.931632	0.800004	0.800003	0.800598	0.8	0.8	0.800311	0.8	0.8	0.800289	0.8	0.8	1.05616	0.889031	0.8	0.8	0.800422	0.810561	0.8	0.8	0.8	0.8	0.8	0.800001	0.911414	0.8	0.979103	0.80742	0.800138	0.868275	0.8	0.8	1.06965	0.8	0.8	0.8	0.813677	0.912462	0.8	0.8	0.801995	0.850095	0.8	0.807065	0.8	0.8	0.8	0.822842	0.8	0.800405	0.800548	0.8	1.19998
Initial stock correction[HUS]	1.07155	1.07157	1.07158	1.07157	1.07156	0.877545	1.07155	1.07163	1.07155	1.07156	1.07156	1.07156	1.09811	1.07155	1.07156	0.95222	1.07156	1.07156	1.07155	1.07155	1.07155	1.07156	1.07155	1.07158	0.867225	0.930233	1.07156	1.07156	1.07155	1.07156	1.07155	1.07155	1.18717	1.07155	1.07155	1.0716	0.96251	1.07155	0.877532	0.883484	1.07156	1.01001	1.07162	1.07155	1.01064	1.07156	1.09691	1.07155	1.07157	1.0716	1.07157	1.07156	1.07157
Initiating heroin no Rx base	121241.0	121305.0	121388.0	121342.0	121403.0	121204.0	121508.0	121393.0	121418.0	121370.0	121357.0	121391.0	121221.0	121238.0	121391.0	121500.0	121259.0	121111.0	121375.0	121327.0	121338.0	121226.0	121393.0	121284.0	121282.0	121193.0	121350.0	121408.0	121209.0	121414.0	121284.0	121265.0	121297.0	121351.0	121338.0	121383.0	121398.0	121493.0	121081.0	121376.0	121239.0	121349.0	121462.0	121385.0	121246.0	121409.0	121265.0	121389.0	121295.0	121340.0	121347.0	121607.0	121247.0
Initiating Rx misuse diverted base	1843160.0	1882870.0	1875170.0	1879360.0	1889560.0	1926920.0	1883600.0	1882550.0	1880100.0	1880890.0	1886470.0	1890780.0	1894320.0	1892460.0	1884450.0	1926130.0	1876460.0	1858540.0	1887260.0	1896330.0	1857500.0	1892630.0	1877460.0	1875230.0	1876460.0	1915440.0	1876560.0	1884280.0	1867150.0	1890140.0	1880510.0	1873960.0	1932550.0	1884330.0	1880610.0	1882950.0	1902480.0	1860130.0	1915520.0	1939100.0	1881590.0	1914340.0	1882600.0	1870570.0	1911270.0	1886270.0	1918930.0	1879970.0	1880960.0	1871390.0	1887100.0	1872100.0	1885500.0
Initiation rate heroin with Rx misuse	0.0161874	0.0163758	0.0164061	0.0163539	0.0164623	0.0165203	0.0163026	0.0163321	0.0163372	0.016416	0.0164328	0.0165189	0.0163926	0.0164206	0.0164281	0.0166854	0.0162521	0.0164643	0.0163149	0.0164294	0.016241	0.0164697	0.0163654	0.0163111	0.0168642	0.0166954	0.0162959	0.0161357	0.0164261	0.0160959	0.0167408	0.0168066	0.0162604	0.0164391	0.0163133	0.0162738	0.0164884	0.0162303	0.0167919	0.0168248	0.0164814	0.0164904	0.0164453	0.0163821	0.0165515	0.0164082	0.0162795	0.0163015	0.0164191	0.0163979	0.0163917	0.016324	0.0164102
Initiation rate heroin with Rx OUD relative to Rx misuse	3.62608	3.54409	3.54889	3.56048	3.53865	3.49018	3.57374	3.55169	3.55874	3.54707	3.53816	3.49726	3.58323	3.55574	3.54422	3.45183	3.55657	3.55429	3.57001	3.5278	3.58341	3.52106	3.55234	3.57619	3.50891	3.48134	3.58569	3.58341	3.59772	3.58234	3.48843	3.50523	3.55125	3.53244	3.55205	3.57069	3.52297	3.63053	3.46186	3.44825	3.54351	3.5417	3.53921	3.56707	3.51729	3.53893	3.52595	3.56517	3.54764	3.55634	3.54325	3.5406	3.53938
Initiation rate Rx misuse own Rx	0.0360987	0.0360093	0.0360031	0.0399888	0.0327167	0.0357938	0.0360005	0.0358495	0.036027	0.0360151	0.0359448	0.0357687	0.0357987	0.0358597	0.0360385	0.0357278	0.0358105	0.0362698	0.0358557	0.0357443	0.0360346	0.035777	0.0359257	0.0358796	0.0360087	0.035929	0.035993	0.0359036	0.0363396	0.0358656	0.0358645	0.0358753	0.0358215	0.0359063	0.0360384	0.0362286	0.0359571	0.0366001	0.0354917	0.035707	0.0360034	0.0359249	0.0359507	0.0360952	0.0360243	0.0359595	0.0357991	0.0359995	0.0359392	0.0360207	0.035931	0.036093	0.0358597
Net quit rate heroin with Rx misuse	0.01	0.01	0.01	0.01	0.01	0.01	0.01	0.01	0.0100001	0.01	0.01	0.01	0.01	0.01	0.01	0.01	0.01	0.01	0.01	0.01	0.01	0.01	0.01	0.01	0.01	0.01	0.01	0.01	0.01	0.01	0.01	0.01	0.01	0.01	0.01	0.01	0.01	0.01	0.01	0.01	0.01	0.01	0.01	0.01	0.01	0.01	0.01	0.01	0.01	0.01	0.01	0.01	0.01
Net quit rate heroin with Rx OUD	0.01	0.01	0.01	0.01	0.01	0.01	0.01	0.01	0.01	0.01	0.01	0.01	0.01	0.01	0.01	0.01	0.01	0.01	0.01	0.01	0.01	0.01	0.01	0.01	0.01	0.01	0.01	0.01	0.01	0.01	0.01	0.01	0.01	0.01	0.01	0.01	0.01	0.01	0.01	0.01	0.01	0.01	0.01	0.01	0.01	0.01	0.01	0.01	0.01	0.01	0.01	0.01	0.01
Net quit rate NDHU	0.402839	0.399628	0.400626	0.401052	0.401887	0.372693	0.40133	0.397146	0.400335	0.40082	0.398669	0.393498	0.394983	0.397831	0.401026	0.382124	0.401734	0.399721	0.396785	0.394621	0.401451	0.398174	0.398946	0.399429	0.409207	0.392695	0.401604	0.396989	0.405324	0.396534	0.398258	0.400604	0.383675	0.398848	0.400974	0.402773	0.402771	0.40357	0.382763	0.399108	0.399774	0.388727	0.399295	0.401378	0.39001	0.396911	0.382562	0.39987	0.401023	0.401376	0.400211	0.391703	0.402673
Net quit rate Rx misuse	0.152433	0.153422	0.153934	0.152718	0.154157	0.157849	0.152728	0.153008	0.153112	0.154284	0.155313	0.156185	0.152971	0.153803	0.154951	0.157444	0.154227	0.156522	0.153711	0.155045	0.152504	0.155711	0.153512	0.15356	0.156944	0.156427	0.152731	0.152869	0.154172	0.152286	0.157684	0.154368	0.155362	0.154797	0.153335	0.151906	0.153654	0.155345	0.156753	0.158444	0.154912	0.156171	0.153348	0.153296	0.157813	0.154033	0.15461	0.152843	0.154195	0.154163	0.153277	0.152593	0.155895
NSDUH misuse redefinition fixed effect	0.460067	0.460129	0.461433	0.460949	0.4611	0.462389	0.460519	0.460264	0.461173	0.460842	0.460902	0.460587	0.466885	0.462415	0.46003	0.454544	0.46255	0.459374	0.460284	0.459359	0.460647	0.459776	0.460602	0.459356	0.470985	0.461854	0.461341	0.458564	0.462717	0.459141	0.460865	0.464057	0.462739	0.461887	0.461275	0.46051	0.460616	0.460359	0.464479	0.463898	0.46065	0.462858	0.460909	0.460906	0.465302	0.460377	0.45985	0.459812	0.460862	0.460631	0.461867	0.46209	0.458588
Nx kit distribution efficiency	0.000396905	0.00039688	0.000395659	0.000396811	0.000396367	0.000396046	0.000396254	0.000395321	0.000397186	0.000396615	0.000396421	0.000395775	0.000396046	0.000396912	0.000397248	0.000395461	0.000396764	0.000397633	0.000396418	0.000385493	0.000407567	0.000398298	0.000393155	0.000396686	0.000398276	0.000396744	0.000397358	0.000396463	0.000397565	0.000396011	0.000396218	0.00039707	0.000396286	0.00039668	0.000396748	0.00040205	0.000396521	0.000396233	0.000396912	0.000396284	0.000396371	0.00039531	0.000396827	0.000395218	0.000396735	0.000396725	0.000396433	0.000397226	0.000397086	0.000396021	0.000396502	0.000395396	0.00039652
Overdose rate base HUD	0.151761	0.144409	0.14099	0.144762	0.143869	0.147737	0.143137	0.144409	0.143065	0.144412	0.143804	0.142472	0.141733	0.142733	0.145065	0.141615	0.145641	0.147566	0.142085	0.143502	0.147705	0.144233	0.144825	0.144812	0.139532	0.143469	0.143155	0.14346	0.147073	0.144329	0.143332	0.143569	0.141017	0.142779	0.143105	0.144706	0.144082	0.144679	0.141203	0.143789	0.14512	0.143918	0.142909	0.143313	0.144612	0.142355	0.142762	0.14339	0.142749	0.142266	0.144246	0.140524	0.145068
Overdose rate NDHU relative to HUD	0.25	0.25	0.25	0.25	0.25	0.25	0.25	0.25	0.25	0.25	0.25	0.25	0.25	0.25	0.25	0.25	0.25	0.25	0.25	0.25	0.25	0.25	0.25	0.25	0.25	0.25	0.25	0.25	0.25	0.25	0.25	0.25	0.25	0.25	0.25	0.25	0.25	0.250001	0.25	0.25	0.25	0.25	0.25	0.25	0.25	0.25	0.25	0.25	0.25	0.25	0.25	0.25	0.25
Overdose rate base Rx misuse	0.001	0.001	0.001	0.001	0.001	0.001	0.001	0.001	0.001	0.001	0.001	0.001	0.001	0.001	0.001	0.001	0.001	0.00100021	0.001	0.001	0.001	0.001	0.001	0.001	0.001	0.001	0.001	0.001	0.001	0.001	0.001	0.001	0.001	0.001	0.001	0.001	0.001	0.001	0.001	0.001	0.001	0.001	0.001	0.001	0.001	0.001	0.001	0.001	0.001	0.001	0.001	0.001	0.001
Overdose rate base Rx OUD	0.254971	0.255319	0.254795	0.253898	0.254543	0.255906	0.253552	0.25485	0.25434	0.254049	0.254592	0.253577	0.254229	0.253944	0.255197	0.253067	0.253809	0.251076	0.25493	0.254411	0.253248	0.254844	0.254266	0.254705	0.255586	0.257371	0.254183	0.25385	0.253949	0.253979	0.254804	0.254541	0.252942	0.254463	0.255868	0.253634	0.256728	0.242658	0.255028	0.255743	0.25312	0.253891	0.255354	0.254982	0.254263	0.255822	0.254441	0.254289	0.254081	0.255983	0.252673	0.25356	0.255511
Overdose rate synth baseline	0.00547572	0.00517806	0.00505645	0.00519288	0.00515859	0.00524338	0.00518482	0.00515176	0.00515041	0.00518533	0.0051576	0.00509854	0.00509534	0.00512542	0.00519432	0.00500381	0.00521501	0.00531319	0.00507345	0.00522176	0.0051833	0.00513796	0.00521733	0.00521071	0.00503089	0.00513908	0.00514624	0.00513352	0.00530247	0.00515964	0.00512689	0.00515191	0.00504313	0.00511661	0.00513015	0.00526992	0.00519014	0.00520556	0.00506994	0.00514565	0.00520851	0.00520005	0.00510822	0.00513451	0.00520512	0.00508987	0.00507719	0.00513303	0.00511605	0.00514436	0.00515462	0.00508693	0.00514216
Perceived risk strength initiating heroin with Rx use	0.915614	0.901905	0.904712	0.905301	0.905769	0.896943	0.901419	0.897654	0.90616	0.906297	0.903637	0.895777	0.913483	0.907194	0.904586	0.875613	0.912625	0.909195	0.908652	0.901561	0.905647	0.900463	0.904654	0.906343	0.92014	0.905292	0.909208	0.897112	0.926481	0.894133	0.908352	0.918818	0.889846	0.900755	0.898574	0.907513	0.904668	0.920568	0.90366	0.899427	0.91059	0.901795	0.909408	0.912917	0.899863	0.900633	0.88911	0.903413	0.903837	0.900005	0.908722	0.894065	0.905811
Perceived risk strength initiating NDHU no Rx	0.216508	0.212109	0.207773	0.210063	0.205915	0.212012	0.208881	0.210134	0.206507	0.209979	0.207575	0.211861	0.216851	0.212878	0.209157	0.207284	0.208523	0.206027	0.216015	0.213033	0.211993	0.213381	0.210628	0.209857	0.209661	0.209586	0.215794	0.205968	0.212325	0.208156	0.213398	0.215728	0.210148	0.211595	0.2096	0.212814	0.213898	0.216679	0.214611	0.203498	0.215859	0.211896	0.212124	0.210882	0.217688	0.218995	0.214113	0.208335	0.209577	0.207877	0.210116	0.217306	0.204189
Perceived risk strength initiating Rx misuse diverted	0.51861	0.607828	0.598911	0.598961	0.621928	0.729347	0.603864	0.613697	0.601727	0.599287	0.621404	0.639261	0.634792	0.632893	0.611319	0.73845	0.596558	0.54222	0.622738	0.647644	0.550902	0.635005	0.602582	0.610676	0.583634	0.683883	0.593459	0.601965	0.565551	0.602841	0.640653	0.62637	0.68004	0.617902	0.603095	0.592793	0.652263	0.55883	0.701838	0.753978	0.604316	0.688903	0.606655	0.577781	0.679207	0.617738	0.699943	0.596241	0.607581	0.587415	0.612589	0.569427	0.634694
Perceived risk strength initiating Rx misuse own Rx	0.703559	0.712481	0.718322	0.708858	0.716516	0.730111	0.70947	0.706657	0.716343	0.715883	0.718901	0.715119	0.729072	0.715797	0.716906	0.701619	0.713812	0.727979	0.706912	0.709871	0.708818	0.712512	0.712294	0.71171	0.743133	0.721644	0.717758	0.702804	0.729515	0.707959	0.718654	0.716168	0.729225	0.717496	0.71696	0.715029	0.712538	0.743893	0.715525	0.725315	0.717471	0.730052	0.712511	0.717123	0.741272	0.712353	0.716207	0.708635	0.714419	0.717931	0.713996	0.711787	0.718572
Perceived risk strength net quit heroin with Rx OUD	1e-06	1e-06	1e-06	1e-06	1e-06	1e-06	1e-06	1e-06	1e-06	1e-06	1e-06	1e-06	1.00719e-06	1e-06	1e-06	1e-06	1.00101e-06	1e-06	1e-06	1e-06	1e-06	1e-06	1e-06	1e-06	1e-06	1e-06	1e-06	1e-06	1e-06	1e-06	1e-06	1e-06	1e-06	1e-06	1e-06	1e-06	1e-06	1e-06	1e-06	1e-06	1e-06	1e-06	1e-06	1e-06	1e-06	1.16224e-06	1e-06	1e-06	1e-06	1e-06	1e-06	1e-06	1.01502e-06
Perceived risk strength net quit NDHU	1e-06	1e-06	1e-06	1e-06	1e-06	1e-06	1e-06	1e-06	1e-06	1e-06	1e-06	1e-06	1e-06	1e-06	1e-06	1e-06	1e-06	1e-06	1e-06	1e-06	1e-06	1e-06	1e-06	1e-06	1e-06	1e-06	1e-06	1e-06	1e-06	1e-06	1e-06	1e-06	1e-06	1e-06	1e-06	1e-06	1e-06	1e-06	1e-06	1e-06	1e-06	1e-06	1e-06	1e-06	1e-06	1e-06	1e-06	1e-06	1e-06	1e-06	1e-06	1e-06	1e-06
Perceived risk strength net quit NDHU with Rx	1e-06	1e-06	1e-06	1e-06	1e-06	1e-06	1e-06	1e-06	1e-06	1e-06	1e-06	1e-06	1e-06	1e-06	1e-06	1e-06	1e-06	1e-06	1e-06	1e-06	1e-06	1e-06	1e-06	1e-06	1e-06	1e-06	1e-06	1e-06	1e-06	1e-06	1e-06	1e-06	1e-06	1e-06	1e-06	1e-06	1e-06	1e-06	1e-06	1e-06	1e-06	1e-06	1e-06	1e-06	1e-06	1e-06	1e-06	1e-06	1e-06	1e-06	1e-06	1e-06	1e-06
Perceived risk strength net quit Rx misuse	0.861962	0.881737	0.885137	0.883947	0.884552	0.872972	0.879072	0.883231	0.88707	0.877173	0.881765	0.87871	0.910583	0.886785	0.881893	0.857943	0.883685	0.861731	0.885774	0.886534	0.886119	0.884491	0.884436	0.908432	0.882624	0.879698	0.880935	0.831557	0.925077	0.787134	0.973099	1.04695	0.723975	0.887454	0.888894	0.878006	0.894981	0.861542	0.882666	0.88462	0.873951	0.877353	0.886928	0.881841	0.883824	0.882297	0.883685	0.884905	0.886058	0.876496	0.887914	0.882621	0.882801
Relapse rate HUD	0.0813607	0.0740667	0.0732373	0.0767268	0.0730407	0.0590929	0.0786532	0.0679541	0.0775201	0.0772062	0.068541	0.0607771	0.0928473	0.0787805	0.0656194	0.0317002	0.0737162	0.0781453	0.0666535	0.0594512	0.0843951	0.0619424	0.0709684	0.0758566	0.0827963	0.0650453	0.0850469	0.0720395	0.0835908	0.0697651	0.0589318	0.0690604	0.0714848	0.0675954	0.0737839	0.0897338	0.0639297	0.0848299	0.0684201	0.0480646	0.0759172	0.0729607	0.0786687	0.0807565	0.0682376	0.0698248	0.0583105	0.0783059	0.0713601	0.0745162	0.0762217	0.0999709	0.046379
Relapse rate Rx OUD relative to HUD	1.0	1.0	1.0	1.0	1.0	1.0	1.0	1.0	1.0	1.0	1.0	1.0	1.0	1.0	1.0	1.0	1.0	1.0	1.0	1.0	1.0	1.0	1.0	1.0	1.0	1.0	1.0	1.0	1.0	1.0	1.0	1.0	0.947223	1.0	1.0	1.0	1.0	1.0	1.0	1.0	1.0	1.0	1.0	1.0	1.0	1.0	1.0	1.0	1.0	1.0	1.0	1.0	1.0
Remission rate HUD no MOUD Tx	0.0668662	0.0659185	0.06527	0.0665439	0.0652468	0.0760548	0.0670893	0.0650968	0.0668599	0.0664667	0.0646266	0.064558	0.0778598	0.0695035	0.0630967	0.0600003	0.0648536	0.06683	0.0645144	0.0639291	0.0681961	0.0628649	0.0652749	0.0666376	0.0685814	0.0677847	0.0695502	0.0654043	0.0664247	0.0651545	0.0629158	0.065706	0.0743823	0.0643207	0.064641	0.0680562	0.0636965	0.0669973	0.0741822	0.0601543	0.0672698	0.0728323	0.0676809	0.066848	0.0711034	0.0658501	0.0686215	0.0667138	0.0648905	0.0664128	0.0658355	0.0653481	0.0693758
Remission rate Rx OUD relative to HUD	1.98787	2.0	2.0	1.99997	2.0	1.75093	2.0	2.0	1.99999	2.0	2.0	2.0	1.90777	2.0	2.0	2.0	2.0	2.0	2.0	2.0	1.94646	2.0	2.0	2.0	1.94198	1.99465	2.0	2.0	2.0	1.99999	2.0	2.0	1.99989	2.0	2.0	2.0	1.97196	2.0	1.91721	1.99995	1.99978	1.97811	2.0	2.0	1.86731	2.0	1.89065	2.0	2.0	1.99999	2.0	2.0	1.84629
Rx availability strength developing Rx OUD	0.82857	0.771921	0.713973	0.784223	0.720281	0.417035	0.747551	0.690521	0.745056	0.768242	0.68979	0.600649	0.506302	0.607776	0.760918	0.553156	0.783525	0.793781	0.738263	0.71985	0.804997	0.705854	0.739923	0.706646	0.509637	0.660475	0.678084	0.789817	0.783186	0.647827	0.74604	0.741271	0.263629	0.681059	0.760947	0.865744	0.785273	0.8315	0.428016	0.485642	0.729171	0.436002	0.748803	0.777937	0.514211	0.713828	0.639092	0.769974	0.725622	0.715284	0.726618	0.855676	0.671869
Rx availability strength initiating Rx misuse	0.0969147	0.316224	0.289667	0.299008	0.344987	0.589302	0.308055	0.3354	0.298814	0.286977	0.336604	0.378121	0.353414	0.366318	0.322663	0.642968	0.285921	0.123909	0.353934	0.404302	0.167161	0.372736	0.303862	0.302332	0.243111	0.481906	0.278756	0.336998	0.176148	0.340427	0.349149	0.307182	0.567906	0.334629	0.305426	0.281041	0.434513	0.146903	0.540515	0.670394	0.293332	0.491362	0.308906	0.234866	0.463307	0.337925	0.538512	0.284945	0.309147	0.2576	0.324884	0.220142	0.367085
Rx availability strength net quit Rx misuse	2.0	2.0	2.0	2.0	2.0	2.0	2.0	2.0	2.0	2.0	2.0	2.0	2.0	2.0	2.0	2.0	2.0	2.0	2.0	2.0	2.0	2.0	2.0	2.0	2.0	2.0	2.0	2.0	2.0	2.0	2.0	2.0	2.0	2.0	2.0	2.0	2.0	2.0	2.0	2.0	2.0	2.0	2.0	2.0	2.0	2.0	2.0	2.0	2.0	2.0	2.0	2.0	2.0
Rx vs H availability strength developing HUD with Rx OUD	1.40241	1.41822	1.40897	1.41722	1.40478	1.44475	1.4203	1.42152	1.41717	1.41346	1.41846	1.44646	1.41405	1.42663	1.41582	1.41067	1.42517	1.39808	1.40398	1.41262	1.41103	1.41008	1.41867	1.45286	1.37124	1.43126	1.40887	1.37239	1.42698	1.34739	1.47803	1.53204	1.3576	1.45315	1.39092	1.43407	1.39921	1.38231	1.43541	1.42155	1.39962	1.44327	1.41641	1.41192	1.42229	1.41741	1.43915	1.41285	1.41395	1.41873	1.41505	1.44074	1.39579
Rx vs H availability strength initiating heroin with Rx OUD	1e-06	1e-06	1e-06	1e-06	1e-06	1e-06	1e-06	1e-06	1e-06	1e-06	1e-06	1e-06	1e-06	1e-06	1e-06	1e-06	1e-06	1e-06	1e-06	1e-06	1e-06	1e-06	1e-06	1e-06	1e-06	1.00465e-06	1e-06	1.00679e-06	1e-06	1e-06	1e-06	1e-06	1e-06	1e-06	1e-06	1e-06	1e-06	1e-06	1e-06	1e-06	1e-06	1e-06	1e-06	1e-06	1e-06	1e-06	1e-06	1e-06	1e-06	1e-06	1e-06	1e-06	1e-06
Rx vs H availability strength initiating NDHU with Rx	1.03885	1.03882	1.05305	1.04022	1.05077	1.05078	1.03105	1.02816	1.04418	1.04597	1.0485	1.04752	1.06154	1.04667	1.05177	1.05156	1.03458	1.06964	1.02777	1.04206	1.02931	1.04801	1.04231	1.03709	1.11116	1.06705	1.03972	1.01398	1.065	1.0359	1.0508	1.07247	1.03906	1.04882	1.03343	1.02588	1.04951	1.04362	1.09065	1.08363	1.04973	1.05015	1.05619	1.05563	1.05821	1.04488	1.02999	1.0386	1.04556	1.03617	1.05104	1.04243	1.03555
Social influence strength developing HUD	1.00968e-06	1.00968e-06	1.00968e-06	1.00968e-06	1.00968e-06	1e-06	1.00968e-06	1e-06	1.00968e-06	1.00968e-06	1.00968e-06	1.00968e-06	1e-06	1.00968e-06	1.00968e-06	1e-06	1.00968e-06	1.00968e-06	1.00968e-06	1.00968e-06	1.17803e-06	1.00968e-06	1.00968e-06	1.00968e-06	1e-06	1e-06	1.00968e-06	1.00968e-06	1.00968e-06	1e-06	1.00968e-06	1.07031e-06	1e-06	1.00968e-06	1.00968e-06	1.00968e-06	1e-06	1.00968e-06	1e-06	1e-06	1.00968e-06	1e-06	1.00968e-06	1.00968e-06	1e-06	1.00968e-06	1e-06	1.00968e-06	1.00968e-06	1e-06	1.0012e-06	1.00968e-06	1.00968e-06
Social influence strength developing Rx OUD	0.375664	0.403383	0.440316	0.395347	0.434565	0.618588	0.418957	0.441694	0.425338	0.413465	0.453323	0.496721	0.603435	0.514486	0.408459	0.497436	0.389146	0.398076	0.416151	0.420968	0.390588	0.436569	0.41946	0.450976	0.601851	0.459155	0.484778	0.418738	0.382968	0.507182	0.371847	0.353653	0.741438	0.457649	0.41295	0.368418	0.380881	0.381495	0.624158	0.568523	0.432956	0.623153	0.418864	0.403503	0.578606	0.434525	0.468089	0.408547	0.430955	0.442884	0.435127	0.395235	0.416185
Social influence strength initiating heroin with Rx OUD	2.0	2.0	2.0	2.0	2.0	2.0	2.0	2.0	2.0	2.0	2.0	2.0	2.0	2.0	2.0	2.0	2.0	2.0	2.0	2.0	2.0	2.0	2.0	2.0	2.0	2.0	2.0	2.0	2.0	2.0	2.0	2.0	2.0	2.0	2.0	2.0	2.0	2.0	2.0	2.0	2.0	2.0	2.0	2.0	2.0	2.0	2.0	2.0	2.0	2.0	2.0	2.0	2.0
Social influence strength initiating NDHU no Rx	0.0553838	0.0486312	0.0417428	0.045233	0.0385148	0.0491983	0.0411413	0.0460627	0.0378991	0.0444522	0.0416087	0.0477787	0.0573456	0.0512821	0.0426975	0.0471222	0.038382	0.0446762	0.0515431	0.0495058	0.0469606	0.0520216	0.0459904	0.0457077	0.0444392	0.047216	0.0529818	0.039027	0.0495652	0.0424414	0.0506323	0.0542593	0.0476448	0.0474473	0.0451043	0.0481314	0.0512211	0.0526751	0.0570035	0.0360428	0.0551994	0.0475323	0.0462184	0.0450421	0.0581763	0.0585696	0.0539241	0.0432556	0.0455746	0.0436315	0.0442973	0.0547217	0.0379624
Social influence strength initiating NDHU with Rx	1.44504	1.41767	1.41671	1.42314	1.41274	1.40372	1.42922	1.42361	1.42311	1.41831	1.41672	1.4025	1.43979	1.42405	1.4169	1.38411	1.42182	1.4194	1.43248	1.42061	1.43524	1.41103	1.42233	1.44531	1.38323	1.4027	1.42883	1.40432	1.47094	1.36631	1.46438	1.50707	1.33155	1.41526	1.42174	1.42704	1.41124	1.45361	1.39069	1.37499	1.41878	1.41803	1.41748	1.42659	1.41155	1.41574	1.42023	1.42764	1.41813	1.41881	1.41945	1.41535	1.42162
Social influence strength initiating Rx misuse	0.929013	0.801445	0.817039	0.815399	0.783535	0.637832	0.80787	0.798102	0.807228	0.814566	0.786097	0.762371	0.759105	0.767693	0.785996	0.646575	0.799593	0.899322	0.781295	0.748064	0.887216	0.761943	0.810896	0.822857	0.797704	0.695921	0.816487	0.785393	0.874057	0.785786	0.779464	0.804723	0.641081	0.785678	0.804653	0.82148	0.723737	0.904429	0.65292	0.580626	0.812788	0.688442	0.803627	0.844432	0.696799	0.78568	0.676784	0.819123	0.801896	0.834753	0.788727	0.849452	0.775584
Tx seeking rate Rx OUD no H total	0.565914	0.569284	0.562192	0.570623	0.56767	0.578715	0.567254	0.569552	0.577414	0.571287	0.574162	0.569605	0.563306	0.575052	0.577696	0.578773	0.568773	0.581429	0.576568	0.581655	0.547709	0.570258	0.56628	0.564284	0.572097	0.549647	0.55093	0.573111	0.562612	0.572788	0.57572	0.563973	0.580465	0.568674	0.568626	0.310724	0.508306	0.571895	0.569898	0.576505	0.56017	0.603077	0.530817	0.575701	0.548573	0.566935	0.570907	0.57969	0.56159	0.616461	0.530389	0.546992	0.596074
